z,zerr,mean_fiber_ra,mean_fiber_dec
-0.00010068458215683439,2.234874014813423e-06,242.04158,43.22896
-0.00034535110322356385,3.3096477275607973e-06,242.03172,44.227276
0.6342080139414057,5.793348463272049e-05,242.03093,44.209206
-0.0003195914039882633,6.115234708425803e-06,242.0236,44.255085
0.8063661962433453,3.978269695700276e-05,242.02252,44.163765
1.2157483344466904,3.0257552139660383e-05,242.004,44.21621
2.371133142297373e-05,1.1403480737604686e-06,241.97092,44.21663
0.8025305283954842,3.4835849114317e-05,241.96521,44.191833
0.25009068236437815,3.4066742272793756e-05,241.89082,44.21835
0.1122788935213264,2.8280476895455353e-05,242.03592,43.71802
1.478624630973749,6.411750913319895e-05,241.973,43.714382
1.0959057884120336,6.771851630252208e-05,242.02016,43.41219
-5.635423024480228e-05,1.8284032123104509e-06,242.00871,43.517612
0.0885703757954476,2.1686956752435204e-05,241.9984,43.304527
1.1574523886156727,0.00018064344121605002,241.96786,43.279488
0.36569338744442376,2.9863522633671033e-05,241.94568,43.419937
0.2231287549651119,5.592939961450467e-05,241.94087,43.395374
2.8959993429191393e-05,3.86697619942274e-06,241.8446,43.456707
1.0434177459189382,6.437446156127888e-05,241.8418,43.40189
-0.00014273925922009384,2.2774979332309675e-06,241.82831,43.362583
-0.00011388461435601434,3.996248914115097e-06,241.81721,43.43262
-1.821360217627911e-05,3.224309949443668e-06,241.76735,43.41389
0.24061876724840084,9.233571676420262e-06,241.75282,43.44344
0.21888694920404408,6.975790313273093e-05,242.02232,43.617786
0.9720985832997994,2.751690282747089e-05,242.01749,43.62763
0.4942462458114159,6.864462888186775e-05,241.96965,43.621506
1.6012928762715453,0.00010407479974346295,241.91338,43.55592
-0.00020186373615187607,5.29918427182603e-06,241.8836,43.720547
0.3157847439944672,2.92093313673961e-05,241.86774,43.723457
0.2232825057185779,4.576328553237137e-05,241.86835,43.62303
1.269215639642047,9.39620215311497e-05,241.76479,43.681324
0.41323849999922063,5.998188585821061e-05,241.81854,43.576454
0.8843145136811265,1.847646802714391e-05,241.77899,43.525578
0.8169500518523318,6.3087991491812e-05,241.76035,43.558586
-0.0005971961678873594,5.8713690782893465e-06,241.79301,43.484146
0.20998024008380964,8.560777694605965e-05,241.76028,43.46694
0.976338942181014,4.555010691549214e-05,241.7914,43.59268
0.888384037188224,5.166840377893224e-05,241.7367,43.621746
0.1318599096818859,7.5134180127981274e-06,241.74347,43.63615
0.8380223270062865,7.017369971826624e-06,241.67593,43.557037
0.855296809565679,0.000185863832827305,241.67738,43.580288
0.4850824765310848,8.679991380733378e-05,241.59938,43.59539
-0.0005906834401230582,3.909914929472563e-06,241.63596,43.644085
-0.0001332605313377043,4.295198911000791e-06,241.58629,43.59948
0.808463114713399,5.080714880513813e-05,241.99698,43.993843
-0.0003174832901825231,5.3340951469138785e-06,242.02223,43.892204
0.08323787532656049,2.9253915469722422e-06,242.00562,43.911705
0.7968143106539994,0.00011784206905433109,241.94264,43.98872
0.00020317193032071818,0.00011359080394055523,241.90878,43.966614
-0.0003170490563753354,3.104828389787949e-06,241.99393,43.780716
1.1204612262837343,0.00013940861042927225,241.9857,43.797382
2.2727526762346066,0.0003335855531955177,241.92357,43.838234
-6.763937051686263e-06,2.272034180634766e-06,241.92169,43.7997
0.8832061222572241,1.6054032184643506e-05,241.93141,43.76585
0.10966534278542914,3.0497654164764043e-06,241.87106,43.844807
0.8644967137434069,5.870978062153502e-05,241.86655,43.80616
0.8799968306738539,2.4852479841158102e-05,241.845,43.79804
0.7603291049932217,6.908131665223304e-05,241.91994,43.90804
0.9659491952479508,2.6662395707432384e-05,241.90099,43.884884
0.8713402046780931,0.00013036143185839278,241.92183,43.937477
-0.0002940032925260703,1.208275646322754e-05,241.91074,43.930412
-0.00011214253710052937,5.396240222605858e-06,241.87016,43.92672
0.8943339417412027,9.745257310588263e-05,241.7793,43.885975
-7.297309290543844e-05,1.3271302623849864e-05,241.78276,43.940018
0.08418974434180475,9.422177369384847e-06,242.03868,44.030525
0.3026742457920865,9.444200529267606e-05,242.00003,44.011135
-0.00041109106588882617,7.251824901450841e-06,241.9618,44.059017
-9.079022751700371e-05,2.8810859886065055e-06,241.96019,44.033947
1.3986765003394623,6.772543309216427e-05,241.97539,44.106857
1.4149446214641932,7.493239380738048e-05,241.94203,44.067017
-3.4634148648871957e-06,1.5227482644908967e-06,241.91946,44.059414
1.115372670707042,0.00011980565484697448,241.77908,44.087143
-0.00015215920416808475,2.982882519576908e-06,241.75903,44.112812
-9.893729359358388e-05,2.6678189321936747e-06,241.75389,44.118015
0.4449985384378643,1.3181584413601188e-05,241.86656,43.995407
0.377852674637273,1.11785846007269e-05,241.77055,43.975624
0.8025737892031101,6.909324630922754e-05,241.79973,43.993443
-0.00014648223439552274,2.144451026512732e-06,241.80286,44.0353
-3.988803547292548e-05,4.300299418914177e-06,241.77612,44.016163
-0.0004111776845012761,5.4530313131509384e-06,241.72546,43.94424
-5.307211736693542e-05,8.150210298648111e-06,241.68161,44.000187
0.3853968085950901,8.824000982278976e-06,241.74002,44.11306
0.7952311794301548,0.0002094783206291243,241.56596,44.055058
0.8901323822005186,2.259715422732779e-05,241.62073,44.104298
0.8649624548567247,1.8676626993769802e-05,241.70744,43.735516
0.8545927805852179,0.00012357224528390963,241.68086,43.728603
9.712490837016496e-05,4.574864919064083e-06,241.68877,43.74373
1.0303553911109316,6.41091120195031e-05,241.68225,43.740185
0.787704080542979,3.576775377752715e-05,241.62807,43.78586
-8.746476723745567e-05,2.145521879130237e-06,241.7855,43.84504
0.3241818229784873,9.623548365019272e-05,241.7066,43.90765
2.6165148136615572,0.00019555628260836685,241.69496,43.899982
0.5731471469761287,5.562744449028937e-05,241.64754,43.821278
1.1576354981394423,5.257666901894671e-05,241.641,43.865826
0.19541850224337692,5.470204601517954e-06,241.57277,43.878887
-0.00012328109544055277,4.752603048671829e-06,241.62885,43.695816
0.7940715049245322,4.147360822740743e-05,241.61127,43.69664
0.43113362720614357,2.359878075861898e-05,241.62839,43.725967
0.2905786168334732,6.409733366907889e-05,241.59756,43.759293
-0.00025300174438408756,3.2262994633361118e-06,241.41441,43.824966
-0.0001780812651160825,4.225607796547158e-05,241.57121,43.997944
1.2277668105636463,5.473135063458513e-05,241.5128,43.88233
0.9243373175549751,1.5746594115040664e-05,241.5084,43.929913
0.949733003356797,2.3644846918688072e-05,241.45561,44.096706
0.9368448207793229,0.00010433698449883422,241.48761,44.009457
0.31966650308455796,1.2518404553319636e-05,241.39957,43.98167
-7.950820291840645e-05,2.5823024645616365e-06,241.40396,44.025993
1.2609478830651049,0.00013221222755399912,241.37685,44.068615
1.26010195778535,6.629275274622292e-05,241.43492,43.858555
1.2142873291153873,7.687320836441452e-05,241.39523,43.93373
0.11003030902784858,9.547887988957873e-06,241.4019,43.95394
0.3188329714145834,7.701748123189216e-05,241.35114,43.90962
1.2181280736985685,4.915699488258063e-05,241.38937,43.869507
0.5976366961458025,7.036920392395103e-05,241.37625,43.858654
-0.0002161956094345171,2.3275222702174888e-05,241.36665,43.868107
-0.0003469761483628559,3.3255510526542655e-06,241.31038,43.878902
0.9229466530620503,0.0004494181046192338,241.31046,43.93097
0.43871232391422044,0.00012990908504561225,241.25443,43.907562
-0.0007264890429493965,4.393420939834607e-06,241.36812,43.978703
0.9196858026503243,3.539196418247802e-05,241.34546,44.006245
-0.00020467216348966534,3.0428890375098368e-05,241.27437,43.983692
0.3494785363071278,5.322969745871666e-05,241.31267,44.01319
0.4473993055407384,2.6350780641308767e-05,241.28186,44.002914
-0.0008136438613239751,2.2503565743684814e-05,241.25418,44.00727
-2.924148539385956e-05,1.201909961742837e-05,241.24942,44.006752
-0.00012097716310520098,3.40531014529762e-05,241.24791,44.041275
0.3499207633310998,6.0392831070381445e-05,241.29295,43.941494
-0.0004657162373392031,4.985837797808051e-05,241.26567,43.9554
-0.0007458138451462498,1.579511743672523e-05,241.24161,43.95633
4.409672938398619e-05,6.638925640412248e-06,241.24632,43.99343
0.0001837711292120232,0.00013682596753224972,241.1846,44.015644
0.4247622512416303,9.299994185049922e-06,241.15054,43.995277
-0.00023130912131667493,2.5438078115584282e-06,242.0425,44.372475
-0.0009376543103031405,1.4384438303289078e-05,242.03099,44.396297
-0.00014652611549243578,3.8569655123932875e-05,242.00087,44.27716
9.291653514720852e-06,2.4472907250681014e-06,241.98553,44.27202
1.1601709507830964,0.00012904822022126306,241.95644,44.35682
0.25021989807583694,5.9016751320883775e-06,241.90263,44.28586
-0.000412008076296192,2.4239161391615515e-05,241.86287,44.334137
0.7197030730951889,2.6880595485135757e-05,241.84013,44.32152
0.715471130379256,3.8269588893165435e-05,241.92703,44.379227
1.112455171157041,5.519299200984244e-05,241.86418,44.34813
2.533452974046349,0.0003862994256472282,241.86807,44.36202
2.8198267962622183,0.0008297755614877846,241.85204,44.384815
0.8180895330513094,0.0001442555215852884,241.82875,44.417046
0.9755268521856533,2.3863943462470673e-05,241.7846,44.41845
1.0462730567796463,4.9726968731431326e-05,241.75116,44.407562
0.6998552192009067,0.00010181075893003781,241.73811,44.439266
-0.00012468046656404345,4.455621468553051e-06,241.71556,44.44617
-0.00020311414870022388,1.85384267729775e-06,241.81346,44.237415
0.1586337016890336,9.925655159622465e-06,241.78262,44.200527
0.8124384301786113,7.888617688727692e-05,241.80034,44.28349
-7.961263386445923e-05,5.163235422223553e-06,241.78424,44.267193
0.7698360254343303,2.3406300430439565e-05,241.77385,44.303444
0.2661687006474712,1.4603931528775983e-05,241.76027,44.311882
-0.0003573250331304394,8.943400111708614e-06,241.67165,44.22824
0.38630313669944566,3.894848728575259e-05,241.62723,44.358356
0.00010619391089673954,1.2637676033939533e-05,241.61908,44.391468
1.413442326046989,6.43475670436512e-05,241.56586,44.30575
0.5304579061485187,6.274968051957235e-05,241.58493,44.371017
-0.0002300237631795488,3.4288388396489078e-06,241.55118,44.35805
-0.00025247418902226847,0.00012606370770262682,241.6788,44.17376
1.4728248454501784,0.00013015143240849823,241.57274,44.198353
0.939112261694338,0.00022933395651749842,241.5596,44.201065
-0.0006699373110383434,7.247111086337028e-06,241.45073,44.16533
1.2169639029963715,0.0002011606841756847,241.45212,44.16176
0.7909221290743701,0.00010938653176291463,241.47734,44.216557
-0.0002461961163597163,1.9427563379480075e-06,241.43341,44.20252
0.0455849626294663,1.712020602723748e-05,241.51666,44.272797
0.8444859227237663,0.00015197565021620013,241.52649,44.3112
0.9516495882542307,0.00015189908769930286,241.51051,44.30105
2.0679473916470097,0.00015739349834392684,241.492,44.289078
1.0391687949528645,4.7029310013987944e-05,241.51912,44.319317
0.2698942980091166,1.1664270705323668e-05,241.48055,44.330036
0.2352820142780943,7.765910616439394e-05,241.41878,44.29055
1.2144504314655982,0.00014365094998302093,241.38832,44.2892
-0.00014252792642425454,6.437305325281718e-07,241.35681,44.323517
2.5337127089015952e-05,5.684103466975253e-06,241.33922,44.26553
1.0923257485175424,5.580720018527129e-05,241.33629,44.31513
1.5214719871089593,5.134236834869169e-05,241.6341,44.4375
0.31820505761059065,8.797345561623088e-05,241.53009,44.43428
-3.412457198880507e-07,4.983531348523156e-07,241.46083,44.39592
0.25715155024615377,8.260598959986915e-06,241.44363,44.40866
0.25977585098214373,6.78127287273979e-05,241.38744,44.34402
1.8614107938891002,0.0005893422977894978,241.32133,44.407738
-0.0001965010150858508,1.0289317172507662e-05,241.33232,44.365833
1.0410045655264806,0.00017546816974524756,241.29073,44.37246
1.4085924001583485,0.00013124642163016216,241.29932,44.443264
-9.626408617063433e-05,4.966529086893612e-06,241.2785,44.44107
-0.000679695532688779,3.2413621832152685e-06,241.15237,44.43771
-5.714852314465608e-05,1.9172239177267173e-06,241.35265,44.190536
1.1386152016409283,8.124507405029077e-05,241.3465,44.15347
0.8726578409125647,3.0242757643296038e-05,241.33412,44.258842
0.045308818461181816,4.066797340920273e-05,241.26077,44.272095
0.043277344674072356,1.0096701966277477e-05,241.24141,44.2752
0.2325081278981464,6.288669967082e-05,241.17113,44.259167
-0.0001497881622931034,1.96128529695819e-06,241.1133,44.243637
0.5695568815887566,6.4573862487544864e-06,241.27843,44.07634
0.6966833619332511,2.267654272772272e-05,241.2554,44.075874
-0.0005052718094039891,2.2256028842551003e-06,241.2254,44.08795
0.7659252662925139,1.879593281043714e-05,241.2159,44.06462
-0.00023827865451949118,5.702094106587442e-06,241.12192,44.07465
0.3452447919766882,2.3056821604482945e-05,241.08372,44.057434
-0.0008006808625738753,2.8270874196445476e-05,241.1067,44.1128
1.480915889163887,8.363632523653352e-05,241.10756,44.190712
-0.00018728328659737274,7.431304668445812e-06,241.1279,44.144093
-6.0650260852651346e-05,3.2552617576107498e-06,241.07762,44.240604
0.22995958192138957,3.157559469493672e-05,241.00226,44.2234
1.5627901626246778,9.978551980152894e-05,240.98122,44.19513
0.8126597214606305,9.960876541896521e-05,240.9901,44.17187
0.545035031103912,0.0001227954832110018,240.93456,44.186874
1.0942875233689957,3.184762198295935e-05,241.19975,44.291946
-5.578117983353171e-05,3.21937146328142e-06,241.15683,44.317513
0.23438314232182622,4.5514182791365796e-05,241.15366,44.322205
1.012661490618734,5.020815501091001e-05,241.19331,44.35207
0.00012077759479412515,1.468354825680222e-06,241.17696,44.364708
0.3193390346992561,1.825375366864342e-05,241.16125,44.340115
0.9116437578287049,4.1997530140204276e-05,241.13988,44.303177
-4.276343763830753e-05,4.917088061677917e-06,241.077,44.30456
0.6772341903509415,5.158404093866882e-05,241.1359,44.406895
-5.314132311440351e-05,3.3603624472253526e-06,241.08752,44.39034
1.0382484796727192,8.73734114417754e-05,241.05266,44.38983
0.9110144536845355,0.00010596472187700387,241.01707,44.383236
1.3678185593571062,0.0003394259280708925,240.98207,44.394318
1.5413743479241864,0.00014568952715784267,240.97,44.40133
1.4865894003967375,0.00010953927301887569,240.926,44.410587
0.2952722176751216,6.161566230807372e-06,241.02583,44.296093
1.2424073790395085,0.00010139142316322152,241.00002,44.271297
-0.00092972748525152,2.349524307724497e-06,240.96642,44.275146
-0.0009312309279159766,6.452091075486327e-06,240.96645,44.27524
0.34967184788242767,5.241257178292985e-05,241.00755,44.32126
1.127652546313066,0.00012622897902325806,240.95605,44.319473
0.19876793536788304,4.71130573105247e-06,240.89725,44.25027
0.9259186644078771,1.5955910009151173e-05,240.88754,44.256115
1.1991381989176697,6.69933417521056e-05,240.9121,44.293545
-0.0009396916629162734,7.2529918754570955e-06,240.8705,44.279858
-0.0001266323154300786,3.463431341784751e-06,240.95247,44.366104
-0.0006452592004651516,2.135067610791271e-05,240.94284,44.36093
0.919744219086852,0.00041299093314502643,240.9416,44.386078
0.29914554320163106,1.411007863544136e-05,240.84923,44.373333
0.15659928659011488,4.1196364948857176e-05,240.9025,44.40532
0.03703952297558295,2.4439212091342545e-06,240.81052,44.30538
-0.00015640863570709777,1.8716287580476271e-06,240.79913,44.373405
1.0349393621560037,8.947315691263728e-05,240.7256,44.39047
0.9102869070536375,2.56740288810597e-05,240.8812,44.449524
0.3582404833743574,3.819181004766904e-05,240.72507,44.41531
0.38081306628963235,7.187309508041821e-06,242.04326,42.784004
0.13299741507409898,2.7503052137383828e-05,242.01471,42.51987
0.27844766599128873,3.7653950705871447e-06,241.92523,42.531643
1.4644291018513886,6.279578553352563e-05,241.92587,42.463432
1.183690036183124,3.787175981960713e-05,241.87535,42.48915
0.19809054003863913,3.6356289199824243e-06,242.04332,42.698143
-2.0613133695555292e-05,5.984076797770184e-06,242.02583,42.651356
0.0002472195147404101,4.934214737635399e-05,241.99567,42.71209
1.0699032551988736,6.372854133127018e-05,241.92145,42.680214
0.22160204966676225,2.2128813134924213e-05,241.89453,42.734486
0.3220211248390755,8.26336877763841e-05,241.84663,42.621964
0.00017548773360348457,0.00017235134610487843,241.84082,42.6178
1.0607184109624734,3.227980416431791e-05,241.82188,42.626213
0.26426035877818954,6.7920304081732594e-06,241.813,42.551903
0.9792721784668813,9.696753174620854e-05,241.79848,42.582943
0.23006872373554388,5.393808332726648e-06,241.78267,42.593395
3.2323955384216945e-05,3.5474585568180394e-06,241.73563,42.569534
0.979565948501856,2.8058725802130092e-05,241.74571,42.715557
1.699668713448595e-05,1.142512725070963e-06,241.7291,42.6544
0.08364116156822109,4.6744694959448683e-05,242.04796,43.04296
0.059571262666042374,4.2942203574711176e-06,242.02136,42.9539
0.09021691019589953,3.993226176546245e-06,242.02101,43.034954
1.0501872105697994,0.00014208648342652942,241.96976,43.024067
0.22578224203724356,4.0027877616093995e-06,241.98032,42.890457
0.9352944022768813,3.237283637843052e-05,241.92836,42.83847
0.2574287232887032,7.243504117345523e-06,241.91023,42.98375
1.259636243624401,9.079659781465336e-05,241.90356,42.989887
0.2967699674196224,6.960464851479801e-05,241.90244,42.988457
0.3231497592279947,0.00016713746832501916,241.86354,42.996353
1.9112567648577868e-05,4.183874446208951e-06,241.91386,42.925766
-0.0003029616677668489,6.175982801281792e-06,241.83981,42.969566
0.7742197218911057,0.00014468915306407564,241.82874,42.976257
2.4727830893790297,0.0003213850570592081,241.94983,43.09368
0.08099131517233824,1.2868443643336273e-06,242.01923,43.171265
0.6655813418231865,0.0001271764137981031,241.96729,43.218395
-8.559755699228198e-05,2.9080884369282686e-06,241.92569,43.22652
1.5655998590104108,5.2781971673172955e-05,241.87236,43.230232
0.8884223870508017,2.648238158695628e-05,241.8534,43.232216
0.9814896092396261,0.00011457588292069239,241.78725,43.18033
-1.7507027977036497e-05,1.138129394224934e-05,241.80795,43.046215
-8.805846155151866e-05,4.769054040396716e-06,241.76338,43.008724
-7.270848888296132e-05,2.3986069305268817e-06,241.75226,43.032417
0.9029502202505935,8.852552054899154e-05,241.7467,43.067467
0.22301207686592847,0.00023246398804817743,241.81812,43.12642
0.8021005318999088,0.00011131619604496413,241.74605,43.188576
1.4823850296424455,6.319957134840514e-05,241.67856,43.19574
0.18092871858573759,5.421137772424638e-06,241.65765,43.073803
-2.158526532296878e-05,5.8410333717324765e-06,241.66403,43.175953
0.7481156527944038,5.071913199560643e-05,241.63239,43.129555
0.2234059451084611,4.773580430958864e-05,241.6158,43.13885
0.750074944662958,0.00018983253837632434,241.61502,43.147095
0.22231363490960282,3.995477310340356e-05,241.61656,43.14391
0.17601347088535793,1.1836997996395839e-05,241.8791,42.789883
0.1862806735007676,9.730699518050416e-05,241.74345,42.78893
0.18722161321037117,1.849072989043191e-05,241.74298,42.832146
0.6523877047678739,0.0001197315218867471,241.74263,42.831013
0.1932232304780554,7.145113984154834e-05,241.74432,42.9484
0.1849258789246467,7.844087416410987e-05,241.70079,42.951256
-0.00024774033515298613,2.715418708165732e-06,241.70401,42.954536
0.0897898829600457,2.1179678839025196e-05,241.58292,42.930744
0.27293292496733107,1.522221236289941e-05,241.7166,42.769875
0.2738143991301696,1.8626638647133723e-05,241.6872,42.767788
1.2670588139270689,2.9936106106708515e-05,241.60965,42.756485
-0.00013477974072089214,1.77944258076197e-06,241.60266,42.756092
1.459413701426034,6.861157680745566e-05,241.55594,42.778748
0.18640830050934945,9.006172614137583e-05,241.59073,42.84632
0.11732480217280405,9.74724457275049e-06,241.56836,42.849873
0.5912356744941595,7.026584536541349e-06,241.5456,42.875237
0.13109435951457946,1.7929467700932417e-05,241.54604,42.889996
0.7511862283003674,9.77552921809672e-05,241.49503,42.8976
0.08934586455642207,7.053749706481156e-05,241.52069,42.844368
-0.0001262346938890466,1.99202921769766e-06,241.49126,42.81962
1.308089047472541,2.3268296189802517e-05,241.49039,42.84407
0.2202682278831119,7.593873681350239e-06,241.45076,42.8431
0.29940891017602167,2.3577602831957602e-05,241.42114,42.859104
-7.981752428552062e-06,5.933492015428562e-06,241.57785,42.974125
0.13724572475351077,3.995907814995326e-05,241.57242,43.02495
0.22002679270982295,2.8136237524149685e-05,241.53618,43.03509
-4.7769850523018025e-05,2.3242096060187995e-06,241.56915,43.06814
2.007763902224533,0.0005862149963686799,241.59195,43.116615
0.21381295920808943,2.2892731336617336e-06,241.48749,43.107555
1.5740902558897085,8.098982067895401e-05,241.46765,43.095383
0.2942177269242163,1.5917541428378243e-05,241.46071,43.102882
1.2608530036693861,6.0637531556083345e-05,241.51393,42.945377
0.23182388763255865,1.834463623579281e-05,241.46242,42.946262
-0.0008400239625314867,8.32343148576301e-06,241.45091,42.941807
-0.00037851080372644475,1.5027363107786975e-06,241.45522,42.97983
-0.0003537937429622394,3.032153988056713e-06,241.41399,42.918156
1.1688984274529681,3.2636663962261586e-05,241.38757,42.91991
-5.04696507411938e-05,6.60784267419321e-06,241.39735,42.968937
-0.00023999339932639463,2.3949974382388986e-06,241.36168,42.987488
0.26104792823957,2.015420134682488e-05,241.36252,42.95726
0.5972590151180739,7.429328979918298e-05,241.39977,43.08551
-0.00013250672681321336,3.4069684562840378e-06,241.33455,43.093327
-0.00023624447799201528,1.4196959708018458e-06,241.33638,42.999233
0.20826776404012026,6.125342783559162e-06,241.81131,42.470924
0.7460373105065903,6.602186328323745e-05,241.66422,42.462753
0.47779010983336484,6.594256923181368e-05,241.69093,42.534485
1.1566508192474487,8.54014660940709e-05,241.6612,42.539635
0.2979233437635887,1.612584364018769e-05,241.72095,42.563286
0.2974946349057411,8.215615085876957e-05,241.7156,42.575428
-6.717460764435288e-05,3.467211662875969e-06,241.70334,42.58904
0.9817147568678967,6.220157977355357e-05,241.6309,42.489513
0.8895014656561583,2.0947654468200664e-05,241.62904,42.489735
2.3621920045175614e-05,9.626476345772658e-07,241.5983,42.48649
-0.0002924990844180416,7.3930789490675595e-06,241.59663,42.51297
0.922904141004676,2.6174208796619897e-05,241.6048,42.534657
1.0502794708381156,6.498039844993398e-05,241.63641,42.635983
0.22401205863917165,2.678405944224069e-05,241.59546,42.663208
1.2102073877609463,8.690028913258769e-05,241.55203,42.65221
0.6123799967662992,3.163028029466142e-05,241.52238,42.660194
-2.64104312290599e-06,1.8660177163130626e-06,241.53693,42.591694
-0.0001267204733291226,1.495109779224857e-06,241.51216,42.594643
0.31642498214066345,2.378993194836069e-05,241.44948,42.64038
0.9229941319429759,1.65691432795123e-05,241.57475,42.480213
0.7594634488559583,7.148687572392794e-05,241.49857,42.466114
-8.564882540649618e-05,8.608175208509362e-06,241.50706,42.503178
-0.00010187179549723818,3.6766713146538864e-06,241.50694,42.503166
0.12377949125567655,2.7012000581011295e-05,241.47633,42.552517
0.1763466130271286,2.5820742692290866e-05,241.48035,42.47069
0.03956388351519957,1.1839840049938265e-05,241.40283,42.5075
0.29667309893257715,2.6644354564912174e-05,241.39464,42.474415
-0.0002036797859858605,3.8856504847027945e-06,241.49551,42.562725
1.3296279715447539,4.431798248366035e-05,241.47496,42.577385
0.9839571579762924,0.0001630610082018625,241.34297,42.631702
0.27848571190812216,7.14881330216474e-05,241.40108,42.54376
-6.243021211745993e-05,1.5034646959422319e-06,241.32336,42.55355
-1.6879944542794797e-05,5.564867264620601e-06,241.28732,42.555473
-0.00047339130860365504,2.3758829680371157e-06,241.27687,42.580517
1.0386647235477364,4.641855596132966e-05,241.27605,42.60612
0.2969246869878432,4.003855246552517e-05,241.35437,42.471104
-0.0001212692598229525,1.0715817039429809e-06,241.27678,42.50894
-0.00013552623025179413,4.222733988514038e-06,241.23671,42.506718
0.29760075743312875,9.032350548949776e-05,241.22765,42.559513
-1.4971572012350802e-05,1.1000598548594214e-05,241.13368,42.48599
-0.00031105191356008865,3.3505892539621693e-06,241.14656,42.52516
0.7313945038727746,0.00011096409172458868,241.12625,42.529152
0.6298553975834621,9.433217064343687e-05,241.09702,42.53053
0.5268854987827489,2.3860798980346854e-05,241.1024,42.54357
3.2722189536184805e-05,2.8347743765797015e-06,241.06549,42.4943
0.2105394343621312,4.184576596350219e-06,240.99713,42.451237
-0.00035372648974101874,3.332595409494847e-06,240.9708,42.482277
0.9080237347132227,0.00012222506143797873,240.9523,42.506767
-0.00039303795243795646,3.4926198943837684e-06,241.53432,42.747932
0.22621484908291348,5.560879300190352e-05,241.34953,42.741215
-0.0002413716000759853,2.314032888380889e-06,241.34709,42.727142
0.29864256706203307,9.736032647569016e-06,241.33107,42.743114
-0.00019351323569667792,5.3218148553094735e-06,241.40353,42.818733
0.7429516644886034,0.00015828729687754047,241.4052,42.794556
0.7294448582058215,7.498871991420759e-05,241.40784,42.773968
0.40463840108168103,1.7477164631764458e-05,241.35252,42.812157
-0.00015052344007911888,9.740142426818023e-06,241.40222,42.870193
-6.888861757147372e-05,5.307339019163514e-06,241.34375,42.86144
0.726810235052124,0.00020649942723435257,241.31229,42.775497
0.7822218818558768,2.7960724048864277e-05,241.28795,42.78638
0.06048600251881967,2.3809699579117013e-06,241.2805,42.845615
1.0386726746632642,2.4480697165424863e-05,241.39223,42.652714
-9.91351851902578e-05,5.385342241230575e-06,241.30473,42.649094
0.03891225572960266,4.625767007590045e-06,241.18002,42.711494
-8.699844001527637e-05,3.1430497553948215e-06,241.15796,42.760067
1.0828529043418047,0.0001001255520029284,241.13425,42.7368
1.1700847362275089,9.745887762011547e-05,241.10416,42.79645
-0.00013276388197366664,3.6923175319216802e-06,241.21838,42.886223
9.321703307008217e-06,1.5313158300288642e-06,241.216,42.885983
0.8203948700933994,0.00016678114080763653,241.18782,42.94266
0.25811818336499437,2.893394956301319e-05,241.17659,42.94035
0.0731667949458308,2.8283946873064124e-05,241.15207,42.933674
0.2602891680367084,4.300316436287069e-06,241.1463,42.927998
1.0921840643416627,6.473710046765512e-05,241.20901,42.987747
0.9383819003175842,1.7305366338363817e-05,241.14078,43.032875
1.4286883740108078,3.6669998193045206e-05,241.08142,43.018078
0.914719768871647,3.3165737725305545e-05,241.10744,42.83468
0.6464855714437931,0.00010315125383039327,241.06995,42.884018
1.3230786728454997,0.00010311858629888559,241.03648,42.80986
0.3814333604607459,2.2252000726396915e-05,241.01973,42.81763
0.22069421126926425,7.87467152321209e-05,240.89404,42.902462
-6.780329692216825e-05,3.388919276050648e-06,240.92737,42.975243
0.29836264858500006,1.7127849957419507e-05,241.16841,42.637184
0.7411068215448703,3.5113763763299235e-05,241.1271,42.610413
0.20770823195287377,4.621565251376547e-06,241.13077,42.64547
0.20836894987655277,7.994816995486285e-05,241.11462,42.659748
0.2938736506191608,7.516475906206195e-05,241.12238,42.675034
0.20937383079230729,7.434003663284675e-05,241.0699,42.648003
1.4166235119766375,0.00023000675369396436,241.07869,42.574184
0.9506036411929298,7.347054625718619e-05,241.05952,42.56858
0.2100388283213583,4.713333626446446e-06,241.05212,42.714725
0.7384314109071635,3.489036154832649e-05,241.02142,42.720253
0.8660976684691913,2.4824580087045105e-05,241.04399,42.742447
-5.7293561390398884e-05,1.0717006648615807e-06,241.04872,42.755817
0.7481745764891135,0.00010115599634237159,241.03093,42.761192
6.0177193209104237e-05,3.4157731813589776e-06,240.98537,42.726925
0.2087598973039636,2.261735713524456e-05,240.99905,42.681446
-0.0005752476837948157,9.218911212512637e-06,240.8819,42.702038
-1.8184016383844772e-05,4.492113085227333e-06,240.86278,42.619526
-0.0005913447084051549,1.1836447232025971e-05,240.89978,42.5513
0.21860127142273872,0.00010510119079779825,240.82571,42.54669
0.8861391650227769,1.728658055441545e-05,240.85286,42.608887
1.1988608180089304,1.8964287702408335e-05,240.82257,42.559433
-0.0005251676592311065,1.0301298640758033e-05,240.85109,42.66147
0.3831758457297348,3.034867033392668e-05,240.84575,42.719467
0.8889454115901809,0.00013875035778708271,240.8026,42.67491
-0.00012791364803038747,1.1242436495677336e-06,240.79793,42.68337
7.44110055185413e-05,5.145473978725548e-06,240.79292,42.699135
0.7293734238694143,0.00011576295311596195,240.80473,42.62684
-0.00015428132986114687,4.936982990635735e-06,240.76297,42.651638
1.1174941468192143,5.040023089673741e-05,240.71808,42.665108
-0.00023811627936757592,2.3424863216046806e-06,240.68828,42.67314
0.36956978484356173,5.6281640744781355e-05,240.9681,42.819782
0.9707152923626935,8.731821697201764e-05,240.94319,42.765423
-0.00022775394621268714,3.136108478656916e-06,240.92741,42.83064
-0.00022485487842209187,9.926351027003368e-06,240.90723,42.76286
-0.00020650406046401274,1.0673046844433624e-06,240.82922,42.757687
2.149683779850012,0.000269863763832489,240.88739,42.888367
0.729790872398678,0.0001144786632275781,240.86765,42.884808
-0.0003826180168429664,4.233280821782529e-06,240.88843,42.896
1.5966221562763474,0.00014456514336093533,240.85262,42.903637
0.537640463550137,8.16164813126372e-05,240.80237,42.842724
0.5375799813865912,2.8267190486756877e-05,240.78806,42.74056
0.8186889777800764,1.0792481761426987e-05,240.76788,42.781902
0.7636068600330124,1.0240524978821535e-05,240.68182,42.707138
-0.00017019143412069342,4.2732624024368725e-06,240.67314,42.711033
-0.0004209991942195211,2.66831465558399e-06,240.67572,42.69544
-0.00015083071284969588,8.330722717160871e-07,240.6187,42.761646
0.07157502848110614,5.352956097331422e-06,240.59375,42.75829
0.26253370579469026,5.642705408876252e-05,240.57744,42.76891
-0.0006630593726247152,1.0405593243361255e-05,240.57698,42.87788
1.4340333929548834,5.9675900595412814e-05,240.56676,42.78879
0.4282968978080601,3.740167469092058e-05,240.54283,42.801594
0.8786771789064196,0.00013098193866127312,240.59859,42.841896
-5.778343637363754e-05,2.5048918354066216e-06,240.53313,42.867645
0.6192229887643985,0.0002854718761246314,240.83292,42.46374
1.5482369957813655,0.0001025279912006892,240.81564,42.46545
0.07242834023520868,4.6534721438271555e-06,240.81314,42.46292
1.0437637328834455,2.8447337517354008e-05,240.83017,42.512615
-3.567112295682704e-05,2.7045643904953378e-06,240.74898,42.580322
0.22158438691275797,1.5542950905436482e-05,240.69077,42.570038
0.7275768975471232,8.884119848964102e-05,240.67834,42.503075
-0.0001021848944251107,4.717445893555342e-06,240.67493,42.55043
-0.0005469272044460456,5.6793377828569306e-06,240.6851,42.6229
0.3706188825531371,3.7040768818797476e-06,240.6584,42.609764
0.00013992279051001095,0.000169967109328953,240.63837,42.619717
0.6210199714982282,0.00012938348154499656,240.62976,42.62205
0.5376381368425613,0.00011036966492303277,240.5915,42.613995
0.722976546154506,0.00010228847060277163,240.50993,42.63579
0.060705660530707924,1.1982501674156808e-05,240.5813,42.455414
-0.0003328716375225851,6.4811987159047044e-06,240.59174,42.50325
-1.957744303382042e-05,1.8639956655229777e-06,240.51375,42.487103
0.9529579963038812,0.0001571264327511416,240.46362,42.482265
1.3065227205473988,0.0001336363603115531,240.56181,42.535835
1.3068464039471828,3.0121662472030858e-05,240.54315,42.530853
-0.00024658560676093513,7.441017643630201e-06,240.48,42.620514
8.815277186873827e-06,3.325197526090352e-06,240.46179,42.59328
1.1637546865846318,3.443183628371006e-05,240.38216,42.523502
-0.00032473825976378647,9.058515557538183e-06,240.36673,42.56848
0.9827242242190829,3.123057880468827e-05,240.34343,42.567753
0.612385829763977,8.518932299499997e-05,240.32329,42.574764
0.9174917460158477,0.00016932143295714168,240.53828,42.73505
0.4686277020792611,7.800083932079482e-05,240.51448,42.675556
3.267518828777893e-05,1.6042214680913385e-06,240.46776,42.757206
0.2893209095639206,2.5232857680823026e-05,240.46829,42.788815
0.28557040628560343,6.642432370381979e-06,240.45947,42.8596
5.569160406448163e-05,2.4867323517911392e-05,240.37437,42.73098
1.4214537481183203,5.918580402464478e-05,240.36969,42.762455
1.6127772328596408,6.984923107461977e-05,240.38783,42.783215
-0.00024314322317687368,8.867132040226123e-06,240.31734,42.792965
0.7429789050635884,0.00010681182241695888,240.42662,42.665733
9.667475539160606e-06,1.331761753743163e-06,240.3387,42.671963
-8.149829762450634e-05,5.383172486926785e-06,240.33508,42.70345
0.060068931198056195,1.1160374459707708e-05,240.27396,42.613525
1.388558840598382,5.225070258490908e-05,240.33559,42.65082
0.11333811339072798,2.718012495735883e-06,240.26906,42.65304
-0.00014038664167376783,3.7335742811373404e-06,240.24718,42.653214
0.2616783594554832,8.066640331023496e-05,240.35013,42.73506
-1.7918471978626717e-05,2.6606317476987383e-06,240.22293,42.77491
-0.00031042346205064226,6.330724681045272e-06,240.25906,42.686104
0.28854325856361285,3.3163694270303886e-05,240.43158,42.45845
0.9572873684267029,2.8319764860167126e-05,240.27847,42.51429
0.20728735401049717,6.51675027349197e-06,240.24292,42.543953
0.956312319896473,8.932429849554238e-05,240.28564,42.4669
-8.03239556915269e-05,6.075892213285045e-06,240.27719,42.46242
0.5257813875731548,7.556311963725294e-05,240.23038,42.49697
0.8535015080433129,3.255587809485088e-05,240.2195,42.46547
-0.00010168192305763119,5.055015559886383e-06,240.24019,42.504868
0.22318196307478608,4.0932157467692125e-05,240.12895,42.451168
8.673279117102126e-05,3.83195470697457e-06,240.1415,42.47908
3.34953971568916,0.00012510143707741814,240.10648,42.50939
1.6852531138378029,0.00015096959745773485,240.11188,42.512756
-0.00022984409075370603,3.7692199063057406e-06,240.07558,42.49854
1.1510042795229336,3.0800269686124666e-05,240.06682,42.472603
0.22332016386382636,2.0189487352056656e-05,240.05986,42.45969
0.6076325760966632,6.638995474691593e-05,240.25517,42.61857
0.8178472794868528,2.0834524603800112e-05,240.25,42.568428
1.142057800010954,3.842996420891909e-05,240.19614,42.6015
-0.0004929283154659004,1.9262694555674625e-06,240.2294,42.63042
-8.79147915624084e-05,1.374348643918187e-06,240.15535,42.648766
-0.00045952590721019007,9.242474543047387e-06,240.13829,42.62567
0.8448431470602255,0.0004366849108444153,240.13658,42.547073
0.9673243688350303,1.9541459018260733e-05,240.08203,42.576466
0.7946418252049381,0.00019465400819515717,240.07309,42.625107
-7.558950388683751e-06,1.4279023937129873e-05,240.1272,42.700222
0.7331766519103055,2.5783482832519026e-05,240.07487,42.711918
0.24031604932802714,8.085728397089015e-05,240.10185,42.540867
1.5742172462802855,4.5638494831689254e-05,241.85713,43.280014
0.41083838341294415,4.955066407550313e-05,241.85878,43.291664
8.140052205368423e-05,1.253974678444458e-05,241.79019,43.345104
-0.0003381394506369526,5.0619311225056785e-06,241.7216,43.267067
0.9814236239265198,2.064232333531962e-05,241.70943,43.292732
2.257702748993411,0.00043676204026083074,241.80194,43.368046
1.4144789211464035,6.817332398219765e-05,241.7062,43.431187
1.1268892078100248,8.67065682393659e-05,241.67899,43.40413
-0.00020908747900636593,1.9842430685691515e-05,241.58698,43.206654
0.9024305237337488,0.00025064536264915097,241.54593,43.279316
0.9046749595897262,3.484657637901389e-05,241.4959,43.367466
0.8033209271175019,1.4196731235193169e-05,241.48454,43.366974
-0.0006950152591734542,4.214270725203686e-06,241.39859,43.314648
1.2129878224990605,5.6660145101144455e-05,241.60141,43.46691
-0.00020709829990771212,1.118412323356026e-06,241.58582,43.423283
0.22472050580240158,4.035280105446747e-06,241.54808,43.42671
2.095312933200333,0.00035204344948172535,241.52669,43.483383
0.9757243538609895,0.00017597412300026172,241.5505,43.55912
0.7857642781345984,1.4020699656811072e-05,241.56532,43.528286
0.35225092430047894,1.1159043094170532e-05,241.47453,43.525295
1.592095847932103,0.0003148515944067864,241.43799,43.497704
0.4977459932474668,6.714685539825452e-05,241.3952,43.54053
0.24426969336089646,2.3541592642188474e-05,241.46062,43.56254
0.22303286123397664,4.0319755133401906e-05,241.36708,43.591045
0.7884976211267501,3.5326309467667584e-05,241.36626,43.578175
2.9860083927563215e-06,2.3219471191585668e-06,241.51784,43.41761
0.3011868039098129,5.5245005662893105e-05,241.49397,43.393578
4.7885920951150254e-05,1.3375062464707387e-06,241.47165,43.421326
1.5911354345113984,0.0003784208658910446,241.4364,43.428577
0.35323893820581803,0.00014743819597943443,241.39082,43.36923
-0.00039687445825881406,7.489305367144827e-06,241.32495,43.564697
0.27149482347063125,1.0661164627977383e-05,241.28415,43.541866
7.42928296841352e-05,5.882699981203433e-06,241.32669,43.462734
0.8958260817518164,1.0372370275584433e-05,241.5246,43.18011
-0.0006089445382980962,4.713494339011669e-06,241.49905,43.166122
1.536302853139932,0.0001327829072318363,241.39282,43.1341
0.10816570507884002,7.040636844293246e-06,241.37546,43.11654
0.3468588076173457,9.617615377999514e-05,241.3502,43.213448
3.059004856018215,0.00025055317180052675,241.40099,43.256138
0.9398521592544309,0.00015309590942026182,241.33057,43.227848
0.8413870022693811,7.429368947897674e-06,241.2784,43.22476
-0.0010648727383557504,8.028487639549453e-06,241.26935,43.231422
0.4963520971185962,0.0001004314545784717,241.23158,43.245823
0.8257512136837866,0.00011308559258290242,241.33119,43.12677
-0.00021001389930210354,4.350399789696945e-06,241.2574,43.168835
0.7747143065081062,1.9647729210983904e-05,241.23224,43.18734
0.7292921933136989,0.0001261809640467254,241.20694,43.173615
1.1701223386722381,7.314590361775783e-05,241.19708,43.068195
0.599692798997601,0.00011728987903618871,241.10912,43.153564
-7.766206395554163e-05,3.308563816363107e-06,241.19681,43.205692
0.9297532645357345,4.396404756411096e-05,241.1805,43.284626
0.20866177835124905,2.075819868471426e-05,241.17067,43.27062
-0.0003834515457715556,2.2034725151644926e-06,241.13773,43.245445
0.993924779673141,5.435738248290904e-05,241.16144,43.18107
0.3811135211092304,1.4626376879952527e-05,241.14705,43.183823
0.680160542828488,4.565724383371945e-05,241.13017,43.20237
0.8237527761576187,6.253936925220201e-05,241.09637,43.180424
0.7907842577917181,1.5386707636752616e-05,241.2625,43.362057
0.6781634823919664,1.1123193390961612e-05,241.25636,43.3619
0.23824493719237713,2.438160448209438e-05,241.10341,43.38943
0.13810401359493443,7.878956214297103e-05,241.17093,43.439514
0.24170532568291483,7.390871840386574e-05,241.1456,43.50437
0.24062088802870404,8.695014269398014e-05,241.02048,43.486103
1.0360566345516848,3.65342413236255e-05,241.02234,43.347622
1.1653798890437963,3.162722816880015e-05,240.98764,43.266468
-6.14063126212132e-06,2.065622144847145e-06,240.96913,43.308346
1.2089562506017164,3.868751614643828e-05,241.03976,43.396194
1.117837046748442,0.00022013915833341412,240.85338,43.373924
0.13619564882346433,1.1108349102444145e-05,241.49965,43.656113
1.1889213195922794,3.663076563287212e-05,241.41841,43.678467
0.46468860486377417,2.369641688254742e-05,241.32475,43.599907
-4.328439068204181e-05,8.074300651166033e-06,241.39694,43.732277
0.412860530077273,0.00013010814807520044,241.32637,43.75247
-0.0003813591211726687,6.284241691908849e-06,241.28008,43.792213
0.13970269545103334,1.2807770316420185e-05,241.25427,43.59588
0.8489656668886907,8.351009339064033e-06,241.11824,43.600113
1.1776848827697457,6.183269864535048e-05,241.11218,43.59455
-0.00014372881755997244,4.502256176003128e-06,241.09473,43.608543
0.18315186003880585,4.814819427672231e-06,241.12364,43.70532
0.1988226622366009,7.231491663233376e-05,241.00885,43.736515
-0.0005470597706564676,1.089733402233332e-05,241.26057,43.850857
0.9619572341357452,4.613953255689652e-05,241.23753,43.85975
-3.2774472411153234e-05,5.53452494169854e-06,241.18495,43.85578
0.2229093670546664,6.70909566292768e-05,241.20038,43.793324
0.14408725769585384,3.3826480124200416e-06,241.11632,43.889824
1.4031240597873773,9.651715378196631e-05,241.10553,43.83374
0.7944683669323123,2.5528921452540416e-05,241.11559,43.933342
0.813485844045695,1.020189715264645e-05,241.09882,43.97195
0.054647852999305684,1.5269114856122323e-05,241.0929,43.962914
0.7866347699448812,0.00030898495506351037,241.07214,43.96174
1.4087421187474183,0.00014952959608471826,241.07129,43.93701
0.7898303386805909,6.959619447567217e-05,241.02982,43.966404
-0.0007380324321270496,1.7058561659986934e-05,241.11165,43.767887
-0.00010110771868609899,1.4082890688704592e-06,241.02672,43.803326
1.9633586960670735,0.0002676435014169263,240.97581,43.8227
3.046248835778483e-05,6.183893091643844e-06,240.9836,43.769936
-0.00022581856745167514,1.5777619913461464e-06,240.97246,43.78879
2.6685670553867352e-05,1.7870141897505812e-06,240.98355,43.769913
0.00013600750139367213,6.768621111436255e-06,240.92189,43.821648
1.660367809565586,5.0528555353728324e-05,241.00046,43.864346
0.8407539213972031,0.00010634679857321893,240.97029,43.90429
1.4904254521355207,6.862565677725678e-05,240.93541,43.94164
0.3666895388195501,4.10735272605593e-05,240.81758,43.844025
0.14407723668491682,4.9379860064965e-05,240.80038,43.890522
1.1097655693006365,7.601448410005478e-05,241.09349,43.519173
-4.532509111798167e-05,2.182302416857613e-06,241.05644,43.547737
0.13785592284556358,2.8974935865576838e-05,240.9776,43.531
-4.774985039604827e-05,1.2937939001946233e-06,240.94847,43.57244
-0.00036429249382427054,0.0003686164512705127,240.91908,43.553104
0.23314051732657784,1.6021964474961885e-05,240.8999,43.543873
-0.00039913383734401734,9.277611188796938e-06,241.0456,43.627525
-0.00033781490508321733,6.066076746269483e-06,241.01648,43.642273
-0.00020219202476248884,4.769736926391762e-06,240.99773,43.62864
1.5329664311229285,0.00010905289210136809,240.8734,43.644016
0.39770718496126833,2.2282041262694993e-05,240.7698,43.66015
0.1586092531390692,1.2007426186358908e-05,240.8906,43.513294
1.722225163484785,0.0003551265551477955,240.81773,43.510006
1.4023366051176744,0.00013677478389729407,240.77277,43.471348
-1.2809785132091157e-06,1.6394003622628474e-06,240.76028,43.46619
-0.00010231411772403733,2.650785476316862e-06,240.74255,43.47339
0.9647916120782825,0.000129785752725764,240.77019,43.65338
0.2732965428384224,1.715518752740923e-05,240.74791,43.62027
1.0335128960163704,3.940004722244454e-05,240.75394,43.546352
0.4128263683186665,6.064155039097965e-05,240.72736,43.571175
0.416582810309732,6.977969734619709e-05,240.6981,43.570423
0.11463071586524626,1.654901181285089e-05,240.65201,43.548973
0.9825544581757818,2.5514080279165904e-05,240.66927,43.616215
0.5565716604360718,2.7651732026812105e-05,240.63348,43.621883
0.29853884177468054,1.3821101886546555e-05,240.88687,43.747627
-0.0006297449898839746,3.2889370882117314e-06,240.8897,43.712425
0.24158513444714297,9.42783748975628e-05,240.85635,43.69938
-0.00028198790061811517,3.910779114186996e-06,240.78645,43.705254
1.1950569861100977,5.7640645623665644e-05,240.74524,43.71017
0.9845172399331563,0.00011830644304491636,240.7049,43.75441
0.45802236976930216,2.350039012810048e-05,240.6842,43.750767
-4.889940305936853e-05,1.685173241398402e-06,240.66232,43.761562
1.301538564572362e-05,2.8011318911315327e-06,240.78954,43.82775
7.802104060788416e-06,1.139603613009198e-06,240.78947,43.82769
0.9819539554288768,2.9410762322434695e-05,240.79279,43.85378
-0.00016112417482029811,1.2937960887795268e-06,240.6847,43.85077
0.22716990977929,1.805671975985595e-05,240.66696,43.84017
3.1123537426767113e-06,8.457677178837183e-07,240.618,43.858906
0.1466065873737742,4.287070227916137e-05,240.60968,43.84189
0.7785568073164841,8.440142682369377e-06,240.64214,43.693573
-0.00013265444493781522,1.2091441153631085e-06,240.68913,43.7241
-4.737319296534834e-05,1.175955538445603e-06,240.58725,43.69062
0.9664285932661011,0.0001197868653069507,240.58505,43.701115
-0.0001414780087387501,4.577189464821134e-06,240.55318,43.71784
-0.000813822710407694,1.1834700172720659e-05,240.55083,43.716644
0.5330611517759808,2.3555261090243772e-05,240.48282,43.70275
-0.0003577942059013407,9.244583818867014e-06,240.58083,43.78217
-0.0001242491135547862,4.541835952620653e-06,240.55206,43.744972
0.18266626449601892,9.734943426612741e-06,240.53151,43.76414
1.0547361359992926,6.978033477485677e-05,240.5409,43.839233
1.1756446072822049,5.1306796063905286e-05,241.00835,43.024227
1.0839692820175242,6.314930816990282e-05,241.03064,43.084282
-3.422890360267244e-05,3.831265503387167e-06,241.00844,43.118343
0.9229995271876601,3.5968379827023754e-05,240.93361,43.20338
2.5700205093990967,0.0005019810322499989,240.90494,43.225357
0.8956280043734701,2.6395528912256935e-05,240.97282,43.12794
0.8834073609608176,6.703319805473286e-05,240.91658,43.130726
-0.0004903291516225667,1.7021225303123812e-05,240.916,43.120888
0.5692592521321281,5.930166424924415e-05,240.87514,43.161125
1.0255837053077288,5.04820793846893e-05,240.92155,43.08126
0.7784664138378348,0.00011656382936813003,240.88135,43.013447
0.9844399305168886,4.869827857789901e-05,240.84561,42.994377
-3.598730893760873e-05,9.272593497307115e-06,240.80496,43.051697
-4.984885901290404e-05,2.0840250634236705e-06,240.80482,43.05171
0.920399134197781,8.568529732612466e-06,240.86685,43.095387
0.9421578182086124,4.442188178330191e-05,240.75131,43.06602
0.2929766831600988,3.873532119968479e-05,240.698,43.10209
0.14202747547245395,5.88669404362939e-06,240.6502,43.134914
0.07149060885243026,2.3090983604436287e-05,240.64752,43.14126
1.0825554283659031,6.935164396838175e-05,240.93237,43.265224
-0.00020120211959668823,1.3157620370433897e-06,240.89798,43.24247
0.5422063987618889,0.00010054810323690709,240.78047,43.239353
0.1314618343863402,3.711298315747396e-05,240.77936,43.25449
0.9165691854680842,0.00015781399194642412,240.7536,43.37701
1.18583588650308,2.729784563596909e-05,240.78346,43.312405
-0.0004304841554140074,4.1567782449641065e-06,240.721,43.347214
0.8752605220444282,0.0001059011081971379,240.68053,43.354084
-0.0001369322687702845,2.8604078455545264e-06,240.75,43.230766
0.03970219075917816,3.382507895934801e-05,240.74464,43.240665
0.29326112687567674,5.680818592555099e-06,240.6869,43.20725
0.1616463014113007,8.600749196807842e-06,240.6946,43.228806
-5.8232467926935786e-05,6.196605971696817e-06,240.65662,43.260067
1.0584831670400026,6.137583109606057e-05,240.61902,43.2606
0.8543901202637864,0.000165705254751916,240.6967,43.181286
2.373496138345632,0.00045339454807917447,240.62607,43.19595
-9.237765332115726e-05,4.4810325884399955e-06,240.66684,43.2998
0.040521725459378294,2.0600461495416905e-06,240.57271,43.34899
1.1942251544110964,0.0001221356178631667,240.53578,43.24954
1.5686623090499605,4.157828869636132e-05,240.7775,42.96138
0.868026356385907,3.936118896868363e-05,240.75691,42.957863
-0.00017943134488187173,4.419484306842857e-06,240.74124,42.979294
1.5998008074369068,8.280503804108927e-05,240.6431,43.019344
0.4682536166445281,1.532053001821092e-05,240.68365,42.94167
0.6869124871436572,0.00012967429451154035,240.5527,43.000034
0.9224766581165204,1.8817940403360343e-05,240.59822,43.094246
0.8288046298838689,2.505300856625265e-05,240.60165,43.104225
0.07113268628061768,1.2225256696151735e-05,240.5685,43.012745
-0.00013670477060395835,8.424102600543398e-07,240.53716,42.964413
0.2537888627707098,1.8895499607578264e-05,240.47333,42.912483
0.8699575444139167,3.998181806343232e-05,240.46315,42.863705
0.29060292219688705,8.28556181264475e-05,240.43875,42.97242
0.00014939356293509,1.357106464432143e-06,240.50815,43.02074
-0.0005651311894566781,5.957518879902902e-06,240.38905,43.055946
0.5161073796281036,5.6859614914577155e-05,240.4219,42.99106
2.041752455272103,0.00027274743939276663,240.37955,42.964775
0.982800374398925,3.413773065274807e-05,240.36311,42.96033
0.24125652199481767,1.3236218554332359e-05,240.31734,42.98984
0.9677337478282751,7.370508853316181e-05,240.37827,43.03867
2.3774225598045094e-06,4.0854116948241336e-06,240.32356,43.04178
0.059801003991742346,3.6955458640654155e-06,240.31198,43.004116
0.7531213718405316,7.37823010053601e-05,240.53127,43.12777
0.7284619308079564,0.000177318675354151,240.46912,43.153942
0.11515881289932663,1.462975502107276e-05,240.4543,43.126484
1.140294211301435,6.148008842996169e-05,240.42326,43.141804
1.1890584263986712,4.2408239921437255e-05,240.4254,43.217087
1.0465714512587025,9.738563913351337e-05,240.40979,43.26698
-3.843336477940856e-05,1.0174680152378902e-06,240.40958,43.315258
-4.136289749973407e-05,6.793175706071964e-06,240.31201,43.222908
-2.5675858615210883e-05,5.402160195753049e-06,240.32574,43.281708
0.8173063108421905,0.0001058421347801962,240.30672,43.24705
-0.00017752123659938433,8.6705510448618e-06,240.42664,43.092243
1.4772061369306064,5.103600105038035e-05,240.3771,43.107395
-5.763170805878483e-05,1.7577394848165694e-05,240.37474,43.129208
0.29177794225694653,4.866264242775769e-06,240.32535,43.104004
1.1545634626768984,7.107655896506962e-05,240.34149,43.13219
1.0802651820841198,0.00011692639622892817,240.27281,43.151817
1.2512634393830644,3.557164742510901e-05,240.26627,43.086437
1.1780063950625408,4.9179590733358536e-05,240.24376,43.1146
-0.00021069174596255138,1.3300600337244741e-05,240.24097,43.151176
0.38321662902102394,2.131351241829219e-05,240.21501,43.12166
0.2610138894900319,1.1394602847598016e-05,240.1923,43.12421
0.6125845329544498,6.984548598492137e-05,240.2943,43.184994
0.7637040593906899,1.415006457451788e-05,240.2946,43.210056
0.044966942784253366,8.977105374406728e-06,240.17418,43.19862
7.521723723201005e-05,3.946892405046093e-06,240.17183,43.150925
1.6039432089065202,7.698736075023311e-05,240.09334,43.229786
1.6038211464609657,0.00010596295438672842,240.09378,43.228992
-7.560888000829196e-05,1.4635530092533731e-06,240.06268,43.211456
-0.00011802555486440004,4.45841200987877e-06,240.70876,43.42378
1.0642391620429543,0.00021841910500207095,240.64987,43.44355
7.422057235004871e-05,1.5799421251494288e-05,240.63776,43.400166
5.122079462338869e-05,7.592508553960877e-06,240.62761,43.42147
2.257228751380055,0.00012151725079885867,240.59358,43.38516
0.2940467174547487,7.227329658249416e-05,240.57173,43.41832
0.6848169042785384,5.321866410723282e-05,240.5872,43.482166
-0.00029386073019969873,1.604728117565658e-05,240.66327,43.524563
0.5656751133626076,8.333812689582688e-05,240.64572,43.547672
0.9530294174320156,4.153755629434274e-05,240.59692,43.516933
-2.1148054649345194e-05,2.413213538395823e-06,240.59608,43.52191
1.299841131996464,6.433975605454058e-05,240.5793,43.513157
0.3491507320785335,1.2866809554264413e-05,240.57468,43.55382
0.2941778461342436,0.00010181183421159831,240.59628,43.587536
-9.438354723428021e-05,4.731479709589111e-06,240.57639,43.606472
0.1875193030090693,2.1344787536121698e-05,240.56621,43.50284
0.11449997074877372,1.2204172024037444e-05,240.55621,43.50024
-0.0004637776371056205,1.1620425468026323e-05,240.49776,43.48827
-7.401492108061826e-05,1.7142919566943255e-06,240.46637,43.49932
2.0503808219950233,0.000860882715987292,240.49966,43.560894
1.4748992008286708,0.0001980395944907914,240.42723,43.56684
3.0270328410154326e-05,9.811981425471183e-07,240.5202,43.40519
0.03999452613356923,7.090651297240806e-06,240.45465,43.417168
-9.1964028672649e-05,3.881258897382924e-06,240.44466,43.378613
0.849655302095487,1.7590432021689587e-05,240.39995,43.40008
-0.00017812908342091976,3.4657144597163935e-06,240.36847,43.409946
-0.00017924565910747676,1.870147328722278e-06,240.3684,43.40988
1.48297192844675,8.996251128537827e-05,240.39703,43.499413
0.731198329027174,7.935712293866587e-05,240.40372,43.53278
0.8774971020962896,2.1612284253678093e-05,240.40025,43.533268
1.1420340208774047,0.0001422270962691978,240.38782,43.53795
0.6844291533458209,9.865676188293156e-06,240.36235,43.514072
0.8779444229204081,2.4613999080842192e-05,240.33023,43.525776
0.30008994124053984,9.830692206727287e-05,240.33525,43.487194
-0.00026399152768815884,2.356143845519455e-06,240.32036,43.425247
0.29925997942517774,6.462895771063903e-05,240.48416,43.624657
-0.00013955476793172422,5.7084485056985095e-06,240.40984,43.61614
1.0587269636363796,5.9182664580334785e-05,240.3643,43.596096
-0.000782299710262153,3.564945985082609e-05,240.35611,43.616825
0.7352709991200348,7.676130896462222e-05,240.42369,43.639965
0.9840798564252887,0.00014266532099082015,240.29106,43.658962
0.00012630301348954973,1.435953820591382e-06,240.38501,43.740562
0.29019215001147447,1.7430899330830188e-05,240.33629,43.72952
-0.0005193085253983019,4.180684008481094e-06,240.36801,43.749428
0.22085144580741986,7.423501404349973e-05,240.32083,43.765858
0.7752417464930597,0.0001466424582503844,240.36662,43.6851
-0.00010510805763780293,1.3057159004712567e-06,240.27965,43.683853
0.3011473542376388,6.902368537211024e-05,240.28963,43.72632
0.4546454555831392,7.657391451826381e-05,240.24374,43.766235
-0.00013591089102094124,6.727827081601284e-06,240.225,43.741344
8.183092361214278e-05,7.751836591715681e-07,240.36519,43.57415
-0.001079823915148696,2.8075771519552948e-05,240.36147,43.575146
9.408807865366575e-05,3.1301160255153496e-06,240.29987,43.60299
1.2497633528001586,4.511567320125207e-05,240.28261,43.62753
-0.0001847807284513594,1.558144937089982e-06,240.23871,43.580612
-0.00043738943517147486,1.4975004575656623e-06,240.1908,43.579067
0.7710019628260849,0.00015449346712759234,240.17883,43.585896
0.8746684185694124,0.00015773448476118118,240.14925,43.574245
0.2992912570214142,2.1896270225100026e-05,240.24554,43.659397
0.7666507552732854,3.7402040357420394e-05,240.21262,43.663017
1.1903670432953843,2.9098830574994197e-05,240.11913,43.65068
1.6706573929634746e-05,2.6164011891204545e-06,240.08334,43.67655
0.753558069860714,4.160735264259598e-05,240.31892,43.32509
2.4810736598388763,0.0006340780471057062,240.266,43.39481
0.00035541996519816824,3.023589833743426e-06,240.21573,43.40496
-0.00020702350097284462,2.9894121544174703e-06,240.17537,43.493813
-0.0001932744147467785,2.0632634751326157e-06,240.14952,43.495552
-0.00015091771163359158,4.053921118697082e-06,240.14502,43.476456
-0.0008303776569977034,1.915732603426679e-06,240.0818,43.463158
0.08244555910794604,6.620095383409272e-06,240.18657,43.290024
0.6120137108444423,6.90516869529654e-05,240.16313,43.31915
0.42690001869931693,6.958841874708175e-05,240.13795,43.34748
1.8948399462533922,0.0003538151793894905,240.05057,43.339863
0.9057592510054484,1.6769599627795562e-05,240.10088,43.269333
-0.00014503083707440148,6.2092920438904426e-06,240.0888,43.25063
0.7410235282182597,4.060952447036977e-06,240.0876,43.27202
-8.559187676895521e-05,2.9894081204030885e-06,240.07887,43.27509
-6.249701469086684e-05,8.176701116954832e-06,240.08098,43.398205
-0.00036226957187914194,1.5790981259707372e-05,240.06252,43.387238
1.1028474254194653,4.040582129847143e-05,240.05777,43.35517
0.9390749495002113,1.0840374300512058e-05,240.12416,43.49145
8.600275388696594e-05,6.343844742961141e-06,240.11751,43.56249
0.7663074466113227,3.834437337248603e-05,240.0526,43.499336
1.0038443991152008,6.245776884925007e-05,241.05415,44.035534
-9.501746257449928e-05,7.047780235580686e-06,241.05002,44.02746
-0.0001472080120017641,2.851977415910826e-06,241.02493,44.0366
0.8633931358265384,4.8719669776385155e-06,240.97128,44.059544
1.5106443063779835,9.057430583887159e-05,240.9154,44.02045
4.89893467249659e-05,2.7777504866886116e-06,240.94214,44.09256
0.9955835426563392,4.287865649896334e-05,240.88399,44.187355
0.024562602202422464,1.0419710956872204e-05,240.88014,44.10981
-0.00042797287412178357,8.801835258192036e-06,240.85614,44.076694
0.43330754760599727,1.6032977465631037e-05,240.82181,44.070595
0.6742492150821761,2.056335414513963e-05,240.83499,44.135918
1.1450624608963107,0.0001649352144568422,240.76382,44.16361
0.4232382716103047,1.4485773055422623e-05,240.89075,43.97621
0.9408140040639774,1.6460422605663434e-05,240.75548,43.96827
0.22769071602372143,7.138550743554182e-05,240.738,43.98598
0.5473723413862293,7.0886581160066065e-06,240.764,44.055
-0.0004434286965089668,3.980766691663865e-06,240.67981,44.139755
0.4999837428580291,0.0001540559890880764,240.67041,44.017956
0.7600499678398808,0.00011022395479972846,240.87189,44.227272
-0.0005282322074208209,4.703749808777488e-06,240.79056,44.295353
0.8097270899294754,4.1385427553533394e-05,240.77579,44.250023
0.6676269079063334,0.00014207440721190608,240.73842,44.245773
0.9356850208293359,7.937378515548882e-05,240.66435,44.199257
-0.0001348074358495576,1.5741709074184257e-06,240.6726,44.314297
0.979979590144699,3.368991738691259e-05,240.73976,44.345825
0.9518622019651333,8.60724476964157e-05,240.67708,44.361626
0.8097012651182326,9.052502823376446e-06,240.65489,44.343044
0.26653777208435775,1.261487705043403e-05,240.65509,44.361694
1.0522295191242115,8.694483085013827e-05,240.67604,44.27064
0.298360622533345,1.1160819875725165e-05,240.65115,44.28878
0.7511451446571761,9.121251694963728e-05,240.58508,44.3142
-0.00032195258299313773,4.144419549927898e-06,240.52516,44.325035
-0.000331711420937905,1.2602545140960118e-06,240.61017,44.17942
0.8088780310195917,1.3898795369818911e-05,240.57953,44.198406
0.6688723569296577,0.00010881789641776911,240.56526,44.14018
0.736319402195801,0.00017058543059891694,240.47044,44.17837
0.7374286047326506,1.2259606547726015e-05,240.43015,44.18296
-0.00013504195900231424,2.053106168255062e-06,240.52533,44.261715
0.43533675540652755,5.4055309784921046e-05,240.49887,44.295113
-5.55473832913881e-05,2.264631117436554e-06,240.44641,44.305363
0.5599302483750801,8.645580577729334e-06,240.44664,44.31268
-0.00014196167894620985,2.763039981606736e-06,240.70073,43.9079
0.771716296691328,2.111713204760353e-05,240.64388,43.886967
0.9864442973914529,3.543969386366342e-05,240.60017,43.930065
-0.00020456916890957343,5.022830226996953e-06,240.54509,43.97082
-8.316162940390988e-05,1.3239720114329882e-06,240.51276,43.937878
0.42763789671036323,7.870864673948792e-05,240.46167,43.948807
0.9609410767242277,2.794162166201343e-05,240.53899,44.014145
0.912609338191509,1.439478394103598e-05,240.49031,44.070354
0.9297638675946723,6.655462969465464e-05,240.46338,43.998074
-0.00013440214257929206,2.2722341411596023e-06,240.42705,43.981583
0.6122994272940647,2.3458467442076106e-05,240.43665,44.061237
0.44599724650934813,7.762857618949098e-06,240.41846,43.89789
-0.0001244799642507039,8.067006564253541e-06,240.41495,43.849007
-1.2869809166974098e-05,3.0536102005942402e-06,240.33449,43.859707
0.2174705665946586,2.4934653205626933e-05,240.26364,43.897057
1.0092003047638067,4.938854490206483e-05,240.38727,43.989525
0.26745199506834866,7.104966823704556e-06,240.36322,43.945576
0.8637289821218568,2.1349193322325628e-05,240.34677,43.928135
0.13121097427898856,6.562536708485504e-06,240.3495,43.960163
0.27448801234288633,1.2266710254938499e-05,240.34914,43.986176
0.7100949698984758,5.606697520163957e-05,240.29337,44.010803
0.7114355628994636,3.854442349428808e-05,240.2826,44.00524
-0.00013958264852023428,4.078296377581719e-06,240.23424,43.927082
0.5474183062543747,0.00011190662781161384,240.4975,44.09963
1.359507275219567,5.342963726978023e-05,240.45401,44.11304
1.2071593212398042,8.48654880172587e-05,240.44354,44.07872
1.3649018564214501,2.003424705076312e-05,240.41434,44.14219
0.2997345635501203,5.9022100884883026e-05,240.3314,44.08563
0.8362131475921466,4.7169115653738704e-05,240.31174,44.082607
-0.0004566611968152344,6.906871119996107e-06,240.32007,44.128647
-0.00018186180176057572,2.4882525337176343e-06,240.3187,44.156235
-9.032392930138222e-05,1.0737725489137444e-06,240.25468,44.11684
0.2989208524082078,6.215191841839607e-06,240.34972,44.206856
1.311287873987003,5.811686273752174e-05,240.25385,44.243553
0.74961081809729,0.00023513614832214725,240.24411,44.255096
0.26642612132253696,0.00011352857536756785,240.14902,44.224842
-0.0006649183257713845,3.319561481332164e-06,240.27231,44.041294
-2.4751742397083642e-05,1.2843116993620993e-06,240.2212,44.039776
-0.0012479202653871597,2.5444662880661287e-05,240.2461,44.083286
0.3957223883898591,0.0001030109257421058,240.19873,44.071033
-7.320470919958133e-05,1.6095721260249128e-06,240.15001,43.99553
1.3109419709448655,4.977313914892319e-05,240.0918,44.07046
1.5807459393156816e-05,3.813225305918211e-06,240.22168,44.13751
0.861881128549506,5.8977385450091e-05,240.19867,44.153282
0.25995896905083093,1.0640172443261257e-05,240.09856,44.174953
0.19662434641671647,3.328836086085152e-05,240.08795,44.190205
1.367957956122104,0.00010061577569327121,240.08098,44.104885
0.9886040792554585,0.00011013305341315337,240.06422,44.15867
1.0915933563566624,8.699559167274819e-05,240.62086,44.39862
0.3169845059249924,1.674028608822883e-05,240.47585,44.37148
0.26970252491617885,6.51891167024583e-05,240.43051,44.345753
1.364310200408046,4.780778103065225e-05,240.45358,44.3698
-0.00015888618433899132,5.061785259978144e-06,240.45789,44.362923
-0.0001168903503266878,2.3675259620778395e-06,240.40112,44.4012
-5.040803654746164e-05,5.435357044247219e-06,240.39322,44.37731
-5.8396638141748646e-05,1.775086910138797e-06,240.39311,44.377254
0.00013040173272939968,7.651654087652e-06,240.36543,44.34072
0.9751835720202426,4.45191931819467e-05,240.28389,44.329926
2.1442624195737805,0.00035372346530769273,240.28017,44.346737
0.9927823372646627,7.690792660648218e-05,240.25809,44.335564
-0.00025703305664927386,6.06887989563339e-06,240.22424,44.361843
1.1593855811910831,3.6617952795413265e-05,240.3857,44.437332
-0.000878067624889923,3.35201751596282e-06,240.2039,44.404305
1.4471516840552532,6.475253729278724e-05,240.18933,44.41302
0.18179868880814526,1.2844838119107583e-05,240.2629,44.30276
0.36637271029432184,9.430741984427982e-05,240.2622,44.303394
0.3879793950680006,4.6372315636945735e-05,240.08781,44.29259
0.26437120312735807,5.101303817122832e-05,240.06718,44.32703
1.2923666719071103,0.00025366749739249797,240.12202,44.432476
1.1287940676594541,4.595339112176656e-05,240.08597,44.44071
0.845176379792154,9.898589796536907e-06,240.10463,44.353836
0.599073252198968,6.479729795920735e-05,240.06586,44.245277
0.0601934251486602,6.83109243235902e-06,240.29623,43.835392
1.499958707355736,8.325715702327073e-05,240.23145,43.885036
0.6658365093522819,6.667920656148126e-05,240.19067,43.785976
0.38423420058965635,2.7737524377701965e-05,240.18416,43.89381
-0.0009037661576255107,2.407802561285689e-06,240.16704,43.87843
0.04035111701225886,5.460536754627998e-06,240.10425,43.9354
-0.0002056461435269906,1.4447641497115644e-06,240.1056,43.881607
0.9272102250916946,0.0001293525299955766,240.07541,43.943764
0.4872765686993267,5.4208051732030416e-05,240.12447,43.743317
0.25594077395475234,4.040497561626582e-05,240.07526,43.763058
0.12690158978104066,1.4555970592931387e-05,240.0752,43.812153
0.1267832862628741,4.304910666306341e-06,240.05891,43.719944
0.25847780034498735,2.669031067074281e-05,240.42288,42.88186
0.738223060343073,0.00014151793661252695,240.33907,42.884678
0.3738321243415911,8.697243566197979e-05,240.29285,42.92369
1.0959625689475823,0.0001683725998137017,240.28302,42.98942
0.001517737672192258,0.0006148649924709252,240.16144,42.816193
0.044051759791679856,3.230578512855109e-05,240.07625,42.91477
0.6221672350172558,0.00011767185790443108,240.09103,42.963238
6.560894538029537e-05,2.3051822286285796e-06,240.09206,42.96088
-2.0623821855022048e-05,4.889388516742859e-06,240.07658,42.96517
3.571180081189148e-06,8.859563541939921e-07,240.0556,42.96152
-0.00012385346070198047,5.0496143702830455e-06,240.16568,43.076748
-0.0006637109437932305,7.580454847084153e-06,240.1565,43.061886
0.6594316173832119,6.856226790581629e-05,240.1021,43.02689
0.6886611501419188,0.00011238730913748696,240.08069,43.022938
0.38471060564675025,1.0536013880076608e-05,240.05115,43.11111
-0.00022396211576481372,4.796465542102261e-06,240.056,42.774952
